C10

C10 =

  Columns 1 through 15

  -38.6250  -39.0313  -39.8438  -39.6563  -37.3125  -32.4688  -25.6250  -20.0625  -17.5625  -18.3125  -24.0625  -31.6875  -40.5313  -47.2500  -50.5000
  -42.8438  -42.1250  -43.1250  -44.0000  -44.3125  -43.4375  -40.0625  -35.5313  -31.5000  -31.5938  -33.4688  -38.3438  -43.6875  -50.1563  -53.6563
  -45.1563  -44.6875  -45.1250  -46.0938  -46.9375  -48.5000  -48.2188  -46.0313  -42.0625  -39.1875  -36.9688  -36.7500  -39.3125  -44.6250  -49.8125
  -46.1875  -45.8438  -46.9688  -47.2813  -48.4375  -49.6250  -49.6563  -46.9063  -43.2813  -38.6875  -33.9375  -31.0625  -29.4375  -32.6563  -38.7813
  -46.5000  -46.8125  -48.1563  -48.5938  -49.2500  -50.3750  -51.0625  -50.4063  -47.1563  -42.1875  -35.8750  -29.6875  -26.3750  -26.2500  -28.1250
  -47.4063  -47.2188  -48.6250  -49.1563  -50.3125  -50.9688  -52.1563  -52.8125  -52.8438  -49.9375  -46.4063  -40.3750  -33.7188  -29.7500  -27.2500
  -49.0000  -48.6875  -49.3438  -50.3750  -51.3125  -52.7500  -53.6563  -54.2500  -54.5625  -56.0938  -54.2500  -51.4688  -47.1563  -40.7188  -33.1563
  -50.3750  -49.8125  -50.3125  -52.1875  -52.5313  -53.6250  -53.8750  -55.5313  -55.9688  -56.9688  -57.2188  -57.7500  -56.7188  -52.7500  -44.6250
  -50.3125  -50.1563  -51.1250  -52.5313  -53.3125  -54.0938  -54.6563  -56.1250  -56.6250  -57.3125  -57.9063  -59.0000  -60.0625  -58.6563  -56.1875
  -51.6563  -51.4063  -52.2188  -53.0313  -54.0625  -55.0625  -55.7813  -56.6875  -57.1250  -58.1875  -59.0313  -60.7500  -61.4688  -62.0313  -61.8750
  -52.5938  -52.0938  -52.7500  -53.6250  -54.7500  -56.2500  -56.7188  -57.0000  -57.6875  -58.2813  -59.9688  -61.3750  -62.4063  -63.8125  -64.3125
  -53.5000  -52.9063  -53.2188  -54.7500  -55.5625  -56.5313  -57.1250  -57.4688  -58.1563  -59.5313  -60.9063  -62.0938  -62.8750  -63.9375  -64.8750
  -53.5625  -53.7813  -54.8750  -55.6563  -55.9375  -57.1563  -57.3125  -58.0000  -58.8125  -60.5625  -61.2813  -62.5313  -64.2188  -64.5938  -65.6250
  -53.8125  -53.8750  -54.9688  -56.1250  -56.8125  -57.1250  -57.7188  -59.0625  -59.9063  -60.4688  -61.8750  -62.9375  -64.0625  -64.9063  -65.5938
  -54.7188  -54.5938  -55.7500  -57.1250  -56.9375  -57.7188  -58.2813  -59.4063  -60.5313  -61.4688  -62.6563  -63.5000  -64.5938  -65.6563  -66.9375
  -55.5938  -55.0625  -55.8125  -57.1875  -57.0625  -58.0313  -58.7188  -59.4063  -60.7813  -62.2500  -63.0938  -64.2188  -64.9375  -66.2188  -67.8438
  -55.9688  -54.8125  -56.2188  -57.1875  -57.1875  -58.3438  -58.9688  -60.5000  -60.8750  -62.3750  -63.4063  -65.2188  -65.5938  -67.0938  -67.8750
  -55.9063  -55.6875  -57.0625  -56.9688  -57.0625  -58.4063  -59.5313  -60.6250  -61.3125  -63.3125  -63.5000  -65.2500  -66.0000  -67.6250  -68.5625
  -55.8438  -55.7813  -57.0313  -57.0938  -57.3125  -58.4063  -59.6250  -60.3750  -61.4688  -63.5000  -63.6875  -65.2500  -65.5938  -67.0313  -65.6250
  -55.6875  -55.3750  -55.8438  -57.0938  -57.1563  -57.5625  -59.3125  -60.6563  -60.9688  -62.5625  -63.7188  -64.7813  -65.2813  -66.6563  -63.5000
  -55.8438  -55.0625  -55.7500  -56.7188  -57.3125  -58.1563  -58.9063  -60.2813  -61.1563  -63.2188  -63.7500  -64.6563  -65.5625  -66.7813  -66.6250
  -55.6563  -55.1875  -56.0000  -57.3125  -57.1563  -57.9688  -59.1875  -59.8125  -60.8125  -61.5313  -61.5938  -63.0000  -63.5625  -64.1875  -61.6563
  -55.9688  -55.2188  -56.6250  -57.2500  -57.5625  -58.4063  -58.4063  -57.6875  -56.8438  -56.2813  -55.6250  -55.7813  -56.3125  -56.5938  -55.1250
  -56.1875  -55.6250  -56.2813  -57.2188  -57.2188  -57.5938  -57.2188  -55.2813  -52.8750  -49.2813  -47.5313  -47.4063  -47.0938  -48.3125  -48.6563
  -55.3125  -55.1875  -56.6250  -57.1563  -57.2188  -56.7500  -56.5000  -53.1250  -50.0625  -47.0000  -43.8125  -44.5313  -45.9375  -49.1563  -50.2500
  -55.5313  -54.7500  -55.5625  -56.1563  -57.2500  -57.6250  -56.5938  -55.4063  -53.7813  -52.3750  -51.8750  -52.7500  -53.3125  -55.9375  -57.4688
  -53.7500  -53.7188  -54.0313  -55.7500  -55.8438  -55.7500  -55.6563  -54.7500  -53.8438  -54.4063  -54.9375  -55.7500  -57.0313  -57.8750  -58.4375
  -49.7500  -47.7813  -48.4375  -47.9688  -47.7813  -47.1250  -46.8125  -46.6250  -46.0938  -46.4375  -47.0938  -48.0625  -50.7188  -50.9375  -51.7188
  -42.9688  -40.4688  -41.8125  -39.1250  -37.3750  -37.5313  -35.9375  -36.0625  -34.5625  -37.4375  -40.5000  -40.2500  -44.1563  -45.5000  -47.7500
  -40.4063  -36.2500  -40.1875  -38.8125  -36.4688  -38.7813  -38.7813  -38.5000  -38.4375  -41.6250  -45.3125  -47.0313  -49.4375  -53.0625  -54.4063
  -44.9688  -44.2188  -44.8438  -46.5313  -46.5938  -47.5000  -48.6250  -49.5625  -51.0000  -52.3750  -52.7500  -54.2188  -55.4375  -56.3750  -52.6563
  -50.8750  -50.1875  -51.6563  -52.6250  -53.8125  -55.3750  -56.0313  -56.6875  -57.0625  -55.8125  -55.1563  -53.1875  -50.3438  -49.1875  -48.4063

