disp('Task 1')
Task 1

V

V =

   -0.4410    0.4605   -0.4480   -0.4863   -0.3851    0.0367   -0.0400    0.0384   -0.0474   -0.0356
   -0.2821    0.1672    0.3887    0.3499   -0.2680   -0.1205   -0.5182   -0.0299   -0.5129   -0.0071
   -0.3271    0.1688    0.0170   -0.1510    0.7831   -0.0553    0.1774   -0.0244   -0.4279   -0.0997
   -0.3577    0.3627    0.0414    0.5422    0.0352   -0.2624    0.2941    0.2903    0.4464   -0.0681
   -0.2632    0.1644    0.5596   -0.1938   -0.0030    0.3233    0.1099   -0.5246    0.3322    0.2254
   -0.2764   -0.2223    0.0733    0.0042    0.0944    0.6882   -0.2014    0.5796    0.0970   -0.0207
   -0.2623   -0.3630    0.0252    0.0471   -0.2786   -0.0511    0.5669    0.1121   -0.3516    0.5087
   -0.3364   -0.2948   -0.5406    0.3890    0.1335    0.1347   -0.2353   -0.4845    0.1072    0.1366
   -0.3133   -0.4032    0.1451   -0.3634    0.1136   -0.5597   -0.3426    0.1605    0.3099    0.1439
   -0.2553   -0.3770    0.1169   -0.0326   -0.2192   -0.0082    0.2551   -0.1692   -0.0365   -0.7967

S2

S2 =

   1.0e+03 *

    1.1695    0.0429    0.0226    0.0137    0.0089    0.0063    0.0059    0.0052    0.0051    0.0042


disp('Task 2')
Task 2
disp('Caffeine and chlorogenic acid contents tend to be higher in Robusta compared with Arabica.')
Caffeine and chlorogenic acid contents tend to be higher in Robusta compared with Arabica.

disp('Task 3')
Task 3
eigVal

eigVal =

  833.2564         0         0         0         0         0         0         0         0         0
         0    3.1618         0         0         0         0         0         0         0         0
         0         0    1.7724         0         0         0         0         0         0         0
         0         0         0    0.6588         0         0         0         0         0         0
         0         0         0         0    0.2774         0         0         0         0         0
         0         0         0         0         0    0.0612         0         0         0         0
         0         0         0         0         0         0    0.1374         0         0         0
         0         0         0         0         0         0         0    0.1202         0         0
         0         0         0         0         0         0         0         0    0.0897         0
         0         0         0         0         0         0         0         0         0    0.0935

eigVec

eigVec =

    0.4126   -0.4298    0.4991    0.4915   -0.3858   -0.0334    0.0280   -0.0256    0.0456    0.0304
    0.2740   -0.2419   -0.3602   -0.3479   -0.2686   -0.0173   -0.1602   -0.4861    0.5251   -0.0745
    0.3169   -0.1877    0.0046    0.1528    0.7829   -0.1011   -0.0494    0.2020    0.4106   -0.0772
    0.3360   -0.3784    0.0005   -0.5398    0.0353   -0.0586   -0.2430    0.3086   -0.4331    0.3255
    0.2543   -0.2316   -0.5382    0.1937   -0.0029    0.2330    0.3366    0.0594   -0.3852   -0.4848
    0.2896    0.1832   -0.0910   -0.0049    0.0941   -0.0295    0.6720   -0.2363   -0.0141    0.5975
    0.2822    0.3527   -0.0657   -0.0509   -0.2780    0.5085   -0.0136    0.5734    0.3467    0.0637
    0.3516    0.3288    0.5093   -0.3900    0.1336    0.1367    0.1253   -0.2674   -0.1429   -0.4612
    0.3362    0.3699   -0.1872    0.3600    0.1140    0.1427   -0.5756   -0.3222   -0.2773    0.2005
    0.2768    0.3490   -0.1562    0.0293   -0.2188   -0.7951    0.0098    0.2522    0.0014   -0.1807

Vnorm
{Cannot find an exact (case-sensitive) match for 'Vnorm'

The closest match is: vnorm in C:\Program Files\MATLAB\R2018b\toolbox\robust\rctobsolete\mutools\commands\vnorm.m


Error in <a href="matlab:matlab.internal.language.introspective.errorDocCallback('BE601HW6_Prob1', 'G:\My Drive\Boston University\05_MS1\BE601_604\HW\HW6\BE601HW6_Prob1.m', 171)" style="font-weight:bold">BE601HW6_Prob1</a> (<a href="matlab: opentoline('G:\My Drive\Boston University\05_MS1\BE601_604\HW\HW6\BE601HW6_Prob1.m',171,0)">line 171</a>)
Vnorm
} 
opentoline('G:\My Drive\Boston University\05_MS1\BE601_604\HW\HW6\BE601HW6_Prob1.m',171,0)
BE601HW6_Prob1
Task 1

V =

   -0.4410    0.4605   -0.4480   -0.4863   -0.3851    0.0367   -0.0400    0.0384   -0.0474   -0.0356
   -0.2821    0.1672    0.3887    0.3499   -0.2680   -0.1205   -0.5182   -0.0299   -0.5129   -0.0071
   -0.3271    0.1688    0.0170   -0.1510    0.7831   -0.0553    0.1774   -0.0244   -0.4279   -0.0997
   -0.3577    0.3627    0.0414    0.5422    0.0352   -0.2624    0.2941    0.2903    0.4464   -0.0681
   -0.2632    0.1644    0.5596   -0.1938   -0.0030    0.3233    0.1099   -0.5246    0.3322    0.2254
   -0.2764   -0.2223    0.0733    0.0042    0.0944    0.6882   -0.2014    0.5796    0.0970   -0.0207
   -0.2623   -0.3630    0.0252    0.0471   -0.2786   -0.0511    0.5669    0.1121   -0.3516    0.5087
   -0.3364   -0.2948   -0.5406    0.3890    0.1335    0.1347   -0.2353   -0.4845    0.1072    0.1366
   -0.3133   -0.4032    0.1451   -0.3634    0.1136   -0.5597   -0.3426    0.1605    0.3099    0.1439
   -0.2553   -0.3770    0.1169   -0.0326   -0.2192   -0.0082    0.2551   -0.1692   -0.0365   -0.7967


S2 =

   1.0e+03 *

    1.1695    0.0429    0.0226    0.0137    0.0089    0.0063    0.0059    0.0052    0.0051    0.0042

Task 2
Caffeine and chlorogenic acid contents tend to be higher in Robusta compared with Arabica.
Task 3

eigVal =

  833.2564         0         0         0         0         0         0         0         0         0
         0    3.1618         0         0         0         0         0         0         0         0
         0         0    1.7724         0         0         0         0         0         0         0
         0         0         0    0.6588         0         0         0         0         0         0
         0         0         0         0    0.2774         0         0         0         0         0
         0         0         0         0         0    0.0612         0         0         0         0
         0         0         0         0         0         0    0.1374         0         0         0
         0         0         0         0         0         0         0    0.1202         0         0
         0         0         0         0         0         0         0         0    0.0897         0
         0         0         0         0         0         0         0         0         0    0.0935


eigVec =

    0.4126   -0.4298    0.4991    0.4915   -0.3858   -0.0334    0.0280   -0.0256    0.0456    0.0304
    0.2740   -0.2419   -0.3602   -0.3479   -0.2686   -0.0173   -0.1602   -0.4861    0.5251   -0.0745
    0.3169   -0.1877    0.0046    0.1528    0.7829   -0.1011   -0.0494    0.2020    0.4106   -0.0772
    0.3360   -0.3784    0.0005   -0.5398    0.0353   -0.0586   -0.2430    0.3086   -0.4331    0.3255
    0.2543   -0.2316   -0.5382    0.1937   -0.0029    0.2330    0.3366    0.0594   -0.3852   -0.4848
    0.2896    0.1832   -0.0910   -0.0049    0.0941   -0.0295    0.6720   -0.2363   -0.0141    0.5975
    0.2822    0.3527   -0.0657   -0.0509   -0.2780    0.5085   -0.0136    0.5734    0.3467    0.0637
    0.3516    0.3288    0.5093   -0.3900    0.1336    0.1367    0.1253   -0.2674   -0.1429   -0.4612
    0.3362    0.3699   -0.1872    0.3600    0.1140    0.1427   -0.5756   -0.3222   -0.2773    0.2005
    0.2768    0.3490   -0.1562    0.0293   -0.2188   -0.7951    0.0098    0.2522    0.0014   -0.1807


V_norm =

    1.6222    1.0000   -0.9275   -0.9105    1.0000    0.0420   -0.0487    0.0526   -0.1053   -0.0627
    1.0773    0.5629    0.6693    0.6445    0.6962    0.0217    0.2783    1.0000   -1.2125    0.1538
    1.2460    0.4368   -0.0086   -0.2830   -2.0296    0.1272    0.0858   -0.4155   -0.9482    0.1593
    1.3212    0.8805   -0.0010    1.0000   -0.0915    0.0738    0.4222   -0.6349    1.0000   -0.6715
    1.0000    0.5389    1.0000   -0.3589    0.0075   -0.2931   -0.5848   -0.1223    0.8895    1.0000
    1.1386   -0.4263    0.1690    0.0090   -0.2439    0.0371   -1.1675    0.4861    0.0325   -1.2325
    1.1098   -0.8207    0.1221    0.0942    0.7207   -0.6396    0.0236   -1.1795   -0.8005   -0.1314
    1.3824   -0.7650   -0.9463    0.7224   -0.3464   -0.1720   -0.2177    0.5501    0.3300    0.9513
    1.3219   -0.8607    0.3479   -0.6668   -0.2954   -0.1795    1.0000    0.6628    0.6403   -0.4136
    1.0882   -0.8120    0.2903   -0.0542    0.5673    1.0000   -0.0170   -0.5189   -0.0032    0.3727

Task 4
The first three PCs can explain 

TotVar =

   99.8287

Of the total variance
5 entries directly correspond with each group. Each group will have the same sign across the 5 beans.
BE601HW6_Prob1
disp('Task 1')
Task 1

V

V =

   -0.4410    0.4605   -0.4480   -0.4863   -0.3851    0.0367   -0.0400    0.0384   -0.0474   -0.0356
   -0.2821    0.1672    0.3887    0.3499   -0.2680   -0.1205   -0.5182   -0.0299   -0.5129   -0.0071
   -0.3271    0.1688    0.0170   -0.1510    0.7831   -0.0553    0.1774   -0.0244   -0.4279   -0.0997
   -0.3577    0.3627    0.0414    0.5422    0.0352   -0.2624    0.2941    0.2903    0.4464   -0.0681
   -0.2632    0.1644    0.5596   -0.1938   -0.0030    0.3233    0.1099   -0.5246    0.3322    0.2254
   -0.2764   -0.2223    0.0733    0.0042    0.0944    0.6882   -0.2014    0.5796    0.0970   -0.0207
   -0.2623   -0.3630    0.0252    0.0471   -0.2786   -0.0511    0.5669    0.1121   -0.3516    0.5087
   -0.3364   -0.2948   -0.5406    0.3890    0.1335    0.1347   -0.2353   -0.4845    0.1072    0.1366
   -0.3133   -0.4032    0.1451   -0.3634    0.1136   -0.5597   -0.3426    0.1605    0.3099    0.1439
   -0.2553   -0.3770    0.1169   -0.0326   -0.2192   -0.0082    0.2551   -0.1692   -0.0365   -0.7967

S2

S2 =

   1.0e+03 *

    1.1695    0.0429    0.0226    0.0137    0.0089    0.0063    0.0059    0.0052    0.0051    0.0042


disp('Task 2')
Task 2
disp('Caffeine and chlorogenic acid contents tend to be higher in Robusta compared with Arabica.')
Caffeine and chlorogenic acid contents tend to be higher in Robusta compared with Arabica.

disp('Task 3')
Task 3
eigVal

eigVal =

  833.2564         0         0         0         0         0         0         0         0         0
         0    3.1618         0         0         0         0         0         0         0         0
         0         0    1.7724         0         0         0         0         0         0         0
         0         0         0    0.6588         0         0         0         0         0         0
         0         0         0         0    0.2774         0         0         0         0         0
         0         0         0         0         0    0.0612         0         0         0         0
         0         0         0         0         0         0    0.1374         0         0         0
         0         0         0         0         0         0         0    0.1202         0         0
         0         0         0         0         0         0         0         0    0.0897         0
         0         0         0         0         0         0         0         0         0    0.0935

eigVec

eigVec =

    0.4126   -0.4298    0.4991    0.4915   -0.3858   -0.0334    0.0280   -0.0256    0.0456    0.0304
    0.2740   -0.2419   -0.3602   -0.3479   -0.2686   -0.0173   -0.1602   -0.4861    0.5251   -0.0745
    0.3169   -0.1877    0.0046    0.1528    0.7829   -0.1011   -0.0494    0.2020    0.4106   -0.0772
    0.3360   -0.3784    0.0005   -0.5398    0.0353   -0.0586   -0.2430    0.3086   -0.4331    0.3255
    0.2543   -0.2316   -0.5382    0.1937   -0.0029    0.2330    0.3366    0.0594   -0.3852   -0.4848
    0.2896    0.1832   -0.0910   -0.0049    0.0941   -0.0295    0.6720   -0.2363   -0.0141    0.5975
    0.2822    0.3527   -0.0657   -0.0509   -0.2780    0.5085   -0.0136    0.5734    0.3467    0.0637
    0.3516    0.3288    0.5093   -0.3900    0.1336    0.1367    0.1253   -0.2674   -0.1429   -0.4612
    0.3362    0.3699   -0.1872    0.3600    0.1140    0.1427   -0.5756   -0.3222   -0.2773    0.2005
    0.2768    0.3490   -0.1562    0.0293   -0.2188   -0.7951    0.0098    0.2522    0.0014   -0.1807

V_norm

V_norm =

    1.6222    1.0000   -0.9275   -0.9105    1.0000    0.0420   -0.0487    0.0526   -0.1053   -0.0627
    1.0773    0.5629    0.6693    0.6445    0.6962    0.0217    0.2783    1.0000   -1.2125    0.1538
    1.2460    0.4368   -0.0086   -0.2830   -2.0296    0.1272    0.0858   -0.4155   -0.9482    0.1593
    1.3212    0.8805   -0.0010    1.0000   -0.0915    0.0738    0.4222   -0.6349    1.0000   -0.6715
    1.0000    0.5389    1.0000   -0.3589    0.0075   -0.2931   -0.5848   -0.1223    0.8895    1.0000
    1.1386   -0.4263    0.1690    0.0090   -0.2439    0.0371   -1.1675    0.4861    0.0325   -1.2325
    1.1098   -0.8207    0.1221    0.0942    0.7207   -0.6396    0.0236   -1.1795   -0.8005   -0.1314
    1.3824   -0.7650   -0.9463    0.7224   -0.3464   -0.1720   -0.2177    0.5501    0.3300    0.9513
    1.3219   -0.8607    0.3479   -0.6668   -0.2954   -0.1795    1.0000    0.6628    0.6403   -0.4136
    1.0882   -0.8120    0.2903   -0.0542    0.5673    1.0000   -0.0170   -0.5189   -0.0032    0.3727


disp('Task 4')
Task 4
disp('The first three PCs can explain ')
The first three PCs can explain 
TotVar

TotVar =

   99.8287

disp('Of the total variance')
Of the total variance

disp('The reason why five values are negative and the other fiver are positive is that 5 entries directly correspond with each group. Each group will have the same sign across the 5 beans.')
The reason why five values are negative and the other fiver are positive is that 5 entries directly correspond with each group. Each group will have the same sign across the 5 beans.
echo off
BE601HW6_Prob1
{Undefined function or variable 'xtitle'.

Error in <a href="matlab:matlab.internal.language.introspective.errorDocCallback('BE601HW6_Prob1', 'G:\My Drive\Boston University\05_MS1\BE601_604\HW\HW6\BE601HW6_Prob1.m', 26)" style="font-weight:bold">BE601HW6_Prob1</a> (<a href="matlab: opentoline('G:\My Drive\Boston University\05_MS1\BE601_604\HW\HW6\BE601HW6_Prob1.m',26,0)">line 26</a>)
xtitle('pth singular value')
} 
BE601HW6_Prob1
disp('Task 1')
Task 1

V

V =

   -0.4410    0.4605   -0.4480   -0.4863   -0.3851    0.0367   -0.0400    0.0384   -0.0474   -0.0356
   -0.2821    0.1672    0.3887    0.3499   -0.2680   -0.1205   -0.5182   -0.0299   -0.5129   -0.0071
   -0.3271    0.1688    0.0170   -0.1510    0.7831   -0.0553    0.1774   -0.0244   -0.4279   -0.0997
   -0.3577    0.3627    0.0414    0.5422    0.0352   -0.2624    0.2941    0.2903    0.4464   -0.0681
   -0.2632    0.1644    0.5596   -0.1938   -0.0030    0.3233    0.1099   -0.5246    0.3322    0.2254
   -0.2764   -0.2223    0.0733    0.0042    0.0944    0.6882   -0.2014    0.5796    0.0970   -0.0207
   -0.2623   -0.3630    0.0252    0.0471   -0.2786   -0.0511    0.5669    0.1121   -0.3516    0.5087
   -0.3364   -0.2948   -0.5406    0.3890    0.1335    0.1347   -0.2353   -0.4845    0.1072    0.1366
   -0.3133   -0.4032    0.1451   -0.3634    0.1136   -0.5597   -0.3426    0.1605    0.3099    0.1439
   -0.2553   -0.3770    0.1169   -0.0326   -0.2192   -0.0082    0.2551   -0.1692   -0.0365   -0.7967

S2

S2 =

   1.0e+03 *

    1.1695    0.0429    0.0226    0.0137    0.0089    0.0063    0.0059    0.0052    0.0051    0.0042


disp('Task 2')
Task 2
disp('Caffeine and chlorogenic acid contents tend to be higher in Robusta compared with Arabica.')
Caffeine and chlorogenic acid contents tend to be higher in Robusta compared with Arabica.

disp('Task 3')
Task 3
eigVal

eigVal =

  833.2564         0         0         0         0         0         0         0         0         0
         0    3.1618         0         0         0         0         0         0         0         0
         0         0    1.7724         0         0         0         0         0         0         0
         0         0         0    0.6588         0         0         0         0         0         0
         0         0         0         0    0.2774         0         0         0         0         0
         0         0         0         0         0    0.0612         0         0         0         0
         0         0         0         0         0         0    0.1374         0         0         0
         0         0         0         0         0         0         0    0.1202         0         0
         0         0         0         0         0         0         0         0    0.0897         0
         0         0         0         0         0         0         0         0         0    0.0935

eigVec

eigVec =

    0.4126   -0.4298    0.4991    0.4915   -0.3858   -0.0334    0.0280   -0.0256    0.0456    0.0304
    0.2740   -0.2419   -0.3602   -0.3479   -0.2686   -0.0173   -0.1602   -0.4861    0.5251   -0.0745
    0.3169   -0.1877    0.0046    0.1528    0.7829   -0.1011   -0.0494    0.2020    0.4106   -0.0772
    0.3360   -0.3784    0.0005   -0.5398    0.0353   -0.0586   -0.2430    0.3086   -0.4331    0.3255
    0.2543   -0.2316   -0.5382    0.1937   -0.0029    0.2330    0.3366    0.0594   -0.3852   -0.4848
    0.2896    0.1832   -0.0910   -0.0049    0.0941   -0.0295    0.6720   -0.2363   -0.0141    0.5975
    0.2822    0.3527   -0.0657   -0.0509   -0.2780    0.5085   -0.0136    0.5734    0.3467    0.0637
    0.3516    0.3288    0.5093   -0.3900    0.1336    0.1367    0.1253   -0.2674   -0.1429   -0.4612
    0.3362    0.3699   -0.1872    0.3600    0.1140    0.1427   -0.5756   -0.3222   -0.2773    0.2005
    0.2768    0.3490   -0.1562    0.0293   -0.2188   -0.7951    0.0098    0.2522    0.0014   -0.1807

V_norm

V_norm =

    1.6222    1.0000   -0.9275   -0.9105    1.0000    0.0420   -0.0487    0.0526   -0.1053   -0.0627
    1.0773    0.5629    0.6693    0.6445    0.6962    0.0217    0.2783    1.0000   -1.2125    0.1538
    1.2460    0.4368   -0.0086   -0.2830   -2.0296    0.1272    0.0858   -0.4155   -0.9482    0.1593
    1.3212    0.8805   -0.0010    1.0000   -0.0915    0.0738    0.4222   -0.6349    1.0000   -0.6715
    1.0000    0.5389    1.0000   -0.3589    0.0075   -0.2931   -0.5848   -0.1223    0.8895    1.0000
    1.1386   -0.4263    0.1690    0.0090   -0.2439    0.0371   -1.1675    0.4861    0.0325   -1.2325
    1.1098   -0.8207    0.1221    0.0942    0.7207   -0.6396    0.0236   -1.1795   -0.8005   -0.1314
    1.3824   -0.7650   -0.9463    0.7224   -0.3464   -0.1720   -0.2177    0.5501    0.3300    0.9513
    1.3219   -0.8607    0.3479   -0.6668   -0.2954   -0.1795    1.0000    0.6628    0.6403   -0.4136
    1.0882   -0.8120    0.2903   -0.0542    0.5673    1.0000   -0.0170   -0.5189   -0.0032    0.3727


disp('Task 4')
Task 4
disp('The first three PCs can explain ')
The first three PCs can explain 
TotVar

TotVar =

   99.8287

disp('Of the total variance')
Of the total variance

disp('The reason why five values are negative and the other fiver are positive is that 5 entries directly correspond with each group. Each group will have the same sign across the 5 beans.')
The reason why five values are negative and the other fiver are positive is that 5 entries directly correspond with each group. Each group will have the same sign across the 5 beans.
echo off
