
x =

         0    0.7071    1.0000    0.7071    0.0000


H =

    0.5000         0         0         0         0
    1.0000    0.5000         0         0         0
    1.0000    1.0000    0.5000         0         0
    1.0000    1.0000    1.0000    0.5000         0
    1.0000    1.0000    1.0000    1.0000    0.5000


y =

         0
    0.3536
    1.2071
    2.0607
    2.4142

x

x =

         0    0.7071    1.0000    0.7071    0.0000

H

H =

    0.5000         0         0         0         0
    1.0000    0.5000         0         0         0
    1.0000    1.0000    0.5000         0         0
    1.0000    1.0000    1.0000    0.5000         0
    1.0000    1.0000    1.0000    1.0000    0.5000

y

y =

         0
    0.3536
    1.2071
    2.0607
    2.4142

echo off
x

x =

         0    0.7071    1.0000    0.7071    0.0000

H

H =

    0.5000         0         0         0         0
    1.0000    0.5000         0         0         0
    1.0000    1.0000    0.5000         0         0
    1.0000    1.0000    1.0000    0.5000         0
    1.0000    1.0000    1.0000    1.0000    0.5000

y

y =

         0
    0.3536
    1.2071
    2.0607
    2.4142

echo off
