
mutot

mutot =

  100.0000    0.0020    0.0000    0.0000    0.0000    0.0000    0.0000    0.0000    0.0000    0.0000    0.0000

mtot

mtot =

     1     2     2     2     2     2     2     2     2     2

rtotv

rtotv =

  421.8764   97.5580   79.9736   64.3358   62.9533   62.7534   62.7184   62.7103   62.7063   62.7030   62.7030

alphatota

alphatota =

   -0.4000   -0.4014   -0.4095   -0.4073   -0.4034   -0.3992   -0.3949   -0.3906   -0.3863   -0.3821   -0.3778

omegatota

omegatota =

    0.5000    0.4972    0.1000    0.0249    0.0099    0.0070    0.0064    0.0062    0.0060    0.0059    0.0057


echo off
Prob1pt2bigmu_diffhike

ans =

  <a href="matlab:helpPopup logical" style="font-weight:bold">logical</a>

   1

Conservative mu 1e+05

ans =

  <a href="matlab:helpPopup logical" style="font-weight:bold">logical</a>

   1


m =

     2

Iteration 2

m =

     2


mu =

   4.0000e-05


r2_it =

   79.9736

Next Iteration

m =

     2

Iteration 3

m =

     2


mu =

   8.0000e-07


r3_it =

   64.3358

Next Iteration

m =

     2

Iteration 4

m =

     2


mu =

   1.6000e-08


r4_it =

   62.9533

Next Iteration

m =

     2

Iteration 5

m =

     2


mu =

   3.2000e-10


r5_it =

   62.7534

Next Iteration

m =

     2

Iteration 6

m =

     2


mu =

   6.4000e-12


r6_it =

   62.7184

Next Iteration

m =

     2

Iteration 7

m =

     2


mu =

   1.2800e-13


r7_it =

   62.7103

Next Iteration

m =

     2

Iteration 8

m =

     2


mu =

   2.5600e-15


r8_it =

   62.7063

Next Iteration

m =

     2

Iteration 9

m =

     2


mu =

   5.1200e-17


r9_it =

   62.7030

Next Iteration

m =

     2

Iteration 10

m =

     2


mu =

   5.1200e-17


r10_it =

   62.7030

Next Iteration
