
mutot

mutot =

    1.0000    0.0020    0.0000    0.0000    0.0000    0.0000    0.0000    0.0000    0.0000    0.0000    0.0000

mtot

mtot =

     1     2     2     2     2     2     2     2     2     2

rtotv

rtotv =

  421.8764   79.5468   64.2528   62.9359   62.7490   62.7169   62.7093   62.7055   62.7023   62.6992   62.6992

alphatota

alphatota =

   -0.4000   -0.4084   -0.4062   -0.4023   -0.3981   -0.3938   -0.3895   -0.3853   -0.3810   -0.3768   -0.3725

omegatota

omegatota =

    0.5000    0.0980    0.0240    0.0097    0.0069    0.0064    0.0061    0.0060    0.0058    0.0057    0.0056


echo off
Prob1pt2mu100

ans =

  <a href="matlab:helpPopup logical" style="font-weight:bold">logical</a>

   1

Conservative mu 1e+05

ans =

  <a href="matlab:helpPopup logical" style="font-weight:bold">logical</a>

   1


m =

     2

Iteration 2

m =

     2


mu =

   4.0000e-05


r2_it =

   79.9736

Next Iteration

m =

     2

Iteration 3

m =

     2


mu =

   8.0000e-07


r3_it =

   64.3358

Next Iteration

m =

     2

Iteration 4

m =

     2


mu =

   1.6000e-08


r4_it =

   62.9533

Next Iteration

m =

     2

Iteration 5

m =

     2


mu =

   3.2000e-10


r5_it =

   62.7534

Next Iteration

m =

     2

Iteration 6

m =

     2


mu =

   6.4000e-12


r6_it =

   62.7184

Next Iteration

m =

     2

Iteration 7

m =

     2


mu =

   1.2800e-13


r7_it =

   62.7103

Next Iteration

m =

     2

Iteration 8

m =

     2


mu =

   2.5600e-15


r8_it =

   62.7063

Next Iteration

m =

     2

Iteration 9

m =

     2


mu =

   5.1200e-17


r9_it =

   62.7030

Next Iteration

m =

     2

Iteration 10

m =

     2


mu =

   5.1200e-17


r10_it =

   62.7030

Next Iteration
