
mutot

mutot =

   1.0e+05 *

    1.0000    0.0000    0.0000    0.0000    0.0000    0.0000    0.0000    0.0000    0.0000    0.0000    0.0000

mtot

mtot =

     1     2     2     2     2     2     2     2     2     2

rtotv

rtotv =

  421.8764  412.2513   79.9736   64.3358   62.9533   62.7534   62.7184   62.7103   62.7063   62.7030   62.7030

alphatota

alphatota =

   -0.4000   -0.4014   -0.4095   -0.4073   -0.4034   -0.3992   -0.3949   -0.3906   -0.3863   -0.3821   -0.3778

omegatota

omegatota =

    0.5000    0.4972    0.1000    0.0249    0.0099    0.0070    0.0064    0.0062    0.0060    0.0059    0.0057


echo off
Prob1pt2bigmu_diffhike

ans =

  <a href="matlab:helpPopup logical" style="font-weight:bold">logical</a>

   1

Conservative mu 1e+05

ans =

  <a href="matlab:helpPopup logical" style="font-weight:bold">logical</a>

   1


m =

     2

Iteration 2

m =

     2


mu =

   4.0000e-04


r2_it =

   79.9736

Next Iteration

m =

     2

Iteration 3

m =

     2


mu =

   8.0000e-05


r3_it =

   64.3359

Next Iteration

m =

     2

Iteration 4

m =

     2


mu =

   1.6000e-05


r4_it =

   62.9533

Next Iteration

m =

     2

Iteration 5

m =

     2


mu =

   3.2000e-06


r5_it =

   62.7534

Next Iteration

m =

     2

Iteration 6

m =

     2


mu =

   6.4000e-07


r6_it =

   62.7184

Next Iteration

m =

     2

Iteration 7

m =

     2


mu =

   1.2800e-07


r7_it =

   62.7103

Next Iteration

m =

     2

Iteration 8

m =

     2


mu =

   2.5600e-08


r8_it =

   62.7063

Next Iteration

m =

     2

Iteration 9

m =

     2


mu =

   5.1200e-09


r9_it =

   62.7030

Next Iteration

m =

     2

Iteration 10

m =

     2


mu =

   5.1200e-09


r10_it =

   62.7030

Next Iteration
find(y == 1, y)
{Error using <a href="matlab:matlab.internal.language.introspective.errorDocCallback('find')" style="font-weight:bold">find</a>
Second argument must be a positive scalar integer.
} 
find(1, y)
{Error using <a href="matlab:matlab.internal.language.introspective.errorDocCallback('find')" style="font-weight:bold">find</a>
Second argument must be a positive scalar integer.
} 
find(y>0,100)

ans =

     2
     7
     8
     9
    10
    11
    12
    13
    14
    15
    16
    17
    18
    19
    20
    21
    22
    23
    24
    25
    26
    27
    28
    29
    30
    31
    32
    33
    34
    35
    36
    37
    38
    39
    40
    41
    42
    43
    44
    45
    46
    47
    48
    49
    50
    51
    54
   100
   102
   103
   104
   105
   106
   107
   108
   109
   110
   111
   112
   113
   114
   115
   116
   117
   118
   119
   120
   121
   122
   123
   124
   125
   126
   127
   128
   129
   130
   131
   132
   133
   134
   135
   136
   137
   138
   139
   140
   141
   142
   143
   144
   145
   146
   147
   148
   149
   150
   151
   152
   190

Prob2

ans =

  <a href="matlab:helpPopup logical" style="font-weight:bold">logical</a>

   0


m =

     2


m =

     3


m =

     4


m =

     5

Iteration 2

m =

     5


mu =

    1.2500


r2_it =

   60.8568

Next Iteration

m =

     2


m =

     3


m =

     4


m =

     5

Iteration 3

m =

     5


mu =

  781.2500


r3_it =

   60.9611

Next Iteration

m =

     2


m =

     3


m =

     4


m =

     5

Iteration 4

m =

     5


mu =

   4.8828e+05


r4_it =

   60.9612

Next Iteration

m =

     2


m =

     3


m =

     4


m =

     5

Iteration 5

m =

     5


mu =

   3.0518e+08


r5_it =

   60.9612

Next Iteration

m =

     2


m =

     3


m =

     4


m =

     5

Iteration 6

m =

     5


mu =

   1.9073e+11


r6_it =

   60.9612

Next Iteration

m =

     2


m =

     3


m =

     4


m =

     5

Iteration 7

m =

     5


mu =

   1.1921e+14


r7_it =

   60.9612

Next Iteration

m =

     2


m =

     3


m =

     4

Iteration 8

m =

     4


mu =

   2.9802e+15


r8_it =

   60.9612

Next Iteration

m =

     2


m =

     3

Iteration 9

m =

     3


mu =

   1.4901e+16


r9_it =

   60.9612

Next Iteration

m =

     2

Iteration 10

m =

     2


mu =

   1.4901e+16


r10_it =

   60.9612

Next Iteration

vertx =

    1.4514

