
xguess1 =

     0
    -1
     0
     0


xguess2 =

  -1.0000 - 1.0000i
   0.0000 + 0.0000i
   0.0000 + 0.0000i
   0.0000 + 0.0000i


xguess3 =

   0.0000 + 0.0000i
   0.0000 + 0.0000i
  -1.0000 + 0.0000i
   1.0000 - 1.0000i


xguess4 =

     0
     1
     0
     1


yg1 =

  Columns 1 through 13

    4.0000    4.1165    3.1734    0.7835    2.8328    1.6131   -0.5326    0.8183    2.7213    1.6026   -0.4342    0.9070    2.5612

  Columns 14 through 26

    1.6705   -0.3718    1.0537    1.8628    1.5056   -0.4391    0.7365    2.7516    1.4640   -0.3990    0.6822    2.7227    1.3565

  Columns 27 through 39

   -0.1242    0.6344    2.6768    1.2531    0.4174    0.7881    2.7474    1.5523   -0.4507    0.8129    2.7313    1.5884   -0.4403

  Columns 40 through 52

    0.8805    2.6291    1.6579   -0.3854    1.0259    2.0373    1.5733   -0.4464    0.8515    2.6844    1.6340   -0.4086    0.9739

  Columns 53 through 65

    2.3121    1.6513   -0.3923    1.0113    2.1214    1.6015   -0.4331    0.9064    2.5631    1.6703   -0.3720    1.0533    1.8654

  Columns 66 through 78

    1.5067   -0.4397    0.7381    2.7520    1.4670   -0.4030    0.6856    2.7253    1.3637   -0.1512    0.6321    2.6743    1.2480

  Columns 79 through 91

    0.4507    0.8020    2.7396    1.5731   -0.4465    0.8511    2.6850    1.6336   -0.4090    0.9730    2.3162    1.6521   -0.3914

  Columns 92 through 101

    1.0130    2.1114    1.5983   -0.4350    0.9001    2.5807    1.6681   -0.3744    1.0486    1.8966


yg2 =

  Columns 1 through 13

    2.0000    1.6719   -0.3524    1.4243   -0.1162    0.6739    2.7117    1.3620   -0.1335    0.6349    2.6775    1.2553    0.4040

  Columns 14 through 26

    0.7826    2.7496    1.5437   -0.4508    0.7979    2.7423    1.5671   -0.4482    0.8398    2.7017    1.6216   -0.4190    0.9478

  Columns 27 through 39

    2.4233    1.6685   -0.3740    1.0493    1.8920    1.5177   -0.4452    0.7549    2.7542    1.4974   -0.4336    0.7246    2.7478

  Columns 40 through 52

    1.4416   -0.3637    0.6597    2.7031    1.3089    0.0914    0.6755    2.7172    1.3425   -0.0670    0.6417    2.6848    1.2693

  Columns 53 through 65

    0.3152    0.7478    2.7537    1.4848   -0.4230    0.7074    2.7397    1.4081   -0.2905    0.6372    2.6799    1.2593    0.3772

  Columns 66 through 78

    0.7718    2.7527    1.5262   -0.4481    0.7684    2.7533    1.5205   -0.4463    0.7592    2.7541    1.5049   -0.4387    0.7354

  Columns 79 through 91

    2.7513    1.4621   -0.3965    0.6801    2.7210    1.3522   -0.1071    0.6362    2.6789    1.2572    0.3909    0.7773    2.7513

  Columns 92 through 101

    1.5352   -0.4500    0.7832    2.7494    1.5447   -0.4509    0.7995    2.7413    1.5695   -0.4476


yg3 =

  Columns 1 through 7

   1.6667 + 0.6667i  -1.0211 + 1.4972i  -0.2174 + 0.6925i   1.4638 + 1.4140i   1.0460 + 2.0709i   1.1469 + 2.0057i   1.1516 + 2.0075i

  Columns 8 through 14

   1.1516 + 2.0075i   1.1516 + 2.0075i   1.1516 + 2.0075i   1.1516 + 2.0075i   1.1516 + 2.0075i   1.1516 + 2.0075i   1.1516 + 2.0075i

  Columns 15 through 21

   1.1516 + 2.0075i   1.1516 + 2.0075i   1.1516 + 2.0075i   1.1516 + 2.0075i   1.1516 + 2.0075i   1.1516 + 2.0075i   1.1516 + 2.0075i

  Columns 22 through 28

   1.1516 + 2.0075i   1.1516 + 2.0075i   1.1516 + 2.0075i   1.1516 + 2.0075i   1.1516 + 2.0075i   1.1516 + 2.0075i   1.1516 + 2.0075i

  Columns 29 through 35

   1.1516 + 2.0075i   1.1516 + 2.0075i   1.1516 + 2.0075i   1.1516 + 2.0075i   1.1516 + 2.0075i   1.1516 + 2.0075i   1.1516 + 2.0075i

  Columns 36 through 42

   1.1516 + 2.0075i   1.1516 + 2.0075i   1.1516 + 2.0075i   1.1516 + 2.0075i   1.1516 + 2.0075i   1.1516 + 2.0075i   1.1516 + 2.0075i

  Columns 43 through 49

   1.1516 + 2.0075i   1.1516 + 2.0075i   1.1516 + 2.0075i   1.1516 + 2.0075i   1.1516 + 2.0075i   1.1516 + 2.0075i   1.1516 + 2.0075i

  Columns 50 through 56

   1.1516 + 2.0075i   1.1516 + 2.0075i   1.1516 + 2.0075i   1.1516 + 2.0075i   1.1516 + 2.0075i   1.1516 + 2.0075i   1.1516 + 2.0075i

  Columns 57 through 63

   1.1516 + 2.0075i   1.1516 + 2.0075i   1.1516 + 2.0075i   1.1516 + 2.0075i   1.1516 + 2.0075i   1.1516 + 2.0075i   1.1516 + 2.0075i

  Columns 64 through 70

   1.1516 + 2.0075i   1.1516 + 2.0075i   1.1516 + 2.0075i   1.1516 + 2.0075i   1.1516 + 2.0075i   1.1516 + 2.0075i   1.1516 + 2.0075i

  Columns 71 through 77

   1.1516 + 2.0075i   1.1516 + 2.0075i   1.1516 + 2.0075i   1.1516 + 2.0075i   1.1516 + 2.0075i   1.1516 + 2.0075i   1.1516 + 2.0075i

  Columns 78 through 84

   1.1516 + 2.0075i   1.1516 + 2.0075i   1.1516 + 2.0075i   1.1516 + 2.0075i   1.1516 + 2.0075i   1.1516 + 2.0075i   1.1516 + 2.0075i

  Columns 85 through 91

   1.1516 + 2.0075i   1.1516 + 2.0075i   1.1516 + 2.0075i   1.1516 + 2.0075i   1.1516 + 2.0075i   1.1516 + 2.0075i   1.1516 + 2.0075i

  Columns 92 through 98

   1.1516 + 2.0075i   1.1516 + 2.0075i   1.1516 + 2.0075i   1.1516 + 2.0075i   1.1516 + 2.0075i   1.1516 + 2.0075i   1.1516 + 2.0075i

  Columns 99 through 101

   1.1516 + 2.0075i   1.1516 + 2.0075i   1.1516 + 2.0075i


yg4 =

  Columns 1 through 13

   -2.0000   -0.5994    0.3499    0.4078    0.4694    2.1801    0.4434    2.4333    0.8548    2.6940    1.6372   -0.4060    0.9816

  Columns 14 through 26

    2.2770    1.6440   -0.3994    0.9954    2.2065    1.6264   -0.4151    0.9578    2.3829    1.6635   -0.3795    1.0382    1.9624

  Columns 27 through 39

    1.5457   -0.4509    0.8012    2.7401    1.5720   -0.4469    0.8490    2.6883    1.6315   -0.4109    0.9685    2.3365    1.6559

  Columns 40 through 52

   -0.3875    1.0215    2.0631    1.5823   -0.4431    0.8686    2.6539    1.6493   -0.3942    1.0070    2.1449    1.6087   -0.4284

  Columns 53 through 65

    0.9212    2.5184    1.6729   -0.3690    1.0592    1.8266    1.4902   -0.4279    0.7146    2.7435    1.4223   -0.3246    0.6450

  Columns 66 through 78

    2.6883    1.2767    0.2705    0.7315    2.7502    1.4548   -0.3858    0.6723    2.7146    1.3359   -0.0381    0.6465    2.6899

  Columns 79 through 91

    1.2799    0.2514    0.7248    2.7479    1.4421   -0.3646    0.6602    2.7035    1.3098    0.0865    0.6742    2.7162    1.3398

  Columns 92 through 101

   -0.0553    0.6435    2.6868    1.2734    0.2902    0.7386    2.7521    1.4680   -0.4043    0.6867


eig_S1 =

    0.1831
   -0.1795
    0.7076
   -0.6584


eig_S2 =

  -0.1938 - 0.1938i
   0.0663 + 0.0663i
  -0.5430 - 0.5430i
   0.4040 + 0.4040i


eig_S3 =

   0.3033 - 0.0360i
   0.1214 + 0.2383i
   0.4741 - 0.4775i
  -0.0983 + 0.6105i


eig_S4 =

   -0.3216
   -0.5061
    0.1264
   -0.7902

